12
21
8 4
2 3
1 11
0 6
3 6
10 3
7 11
7 8
11 8
2 0
6 2
5 2
5 10
8 1
4 1
1 8
3 10
2 5
9 9
7 7
5 5
3.4966589854058445 69.42536412249684
21.73020389849091  51.23675907681606
59.97487768552062  56.8757420017543
7.921634042722501  37.41078512476867
79.41920739225044  9.63829740591865
89.6287047065898   95.52390826650708
24.174299591265655 35.62524014982281
32.16029763466064  92.88434189012891
54.15460379469761  5.552148078326123
91.36133409033728  67.62953270697744
43.73657088313533  13.413106794909258
97.00406365354091  8.460381154603146


