13
15
2 3 
0 6 
0 1 
2 0 
11 12  
9 12  
9 10  
9 11 
3 5 
8 7 
5 4 
0 5 
6 4 
6 9 
7 6
3.4966589854058445 69.42536412249684
21.73020389849091  51.23675907681606
59.97487768552062  56.8757420017543
7.921634042722501  37.41078512476867
79.41920739225044  9.63829740591865
89.6287047065898   95.52390826650708
24.174299591265655 35.62524014982281
32.16029763466064  92.88434189012891
54.15460379469761  5.552148078326123
91.36133409033728  67.62953270697744
43.73657088313533  13.413106794909258
97.00406365354091  8.460381154603146
14.686283381971199 58.85696705100387



